0,1,2,3,4,5,6,7,8,9,10,11,12,13,14,15,16,17,18,19,20,21,22,23,24,25,26,27,28,29,30,31
1.0,1.0,1.0,1.0,1.0,1.0,1.0,1.0,1.0,1.0,1.0,1.0,1.0,1.0,1.0,1.0,1.0,1.0,1.0,1.0,1.0,1.0,1.0,1.0,1.0,1.0,1.0,1.0,1.0,1.0,1.0,1.0
1.0,1.0,1.0,1.0,1.0,1.0,1.0,1.0,1.0,1.0,1.0,1.0,1.0,1.0,1.0,1.0,1.0,1.0,1.0,1.0,1.0,1.0,1.0,1.0,1.0,1.0,1.0,1.0,1.0,1.0,1.0,1.0
1.0,1.0,1.0,1.0,1.0,1.0,1.0,1.0,1.0,1.0,1.0,1.0,1.0,1.0,1.0,1.0,1.0,1.0,1.0,1.0,1.0,1.0,1.0,1.0,1.0,1.0,1.0,1.0,1.0,1.0,1.0,1.0
1.0,1.0,1.0,1.0,1.0,1.0,1.0,1.0,1.0,1.0,1.0,1.0,1.0,1.0,1.0,1.0,1.0,1.0,1.0,1.0,1.0,1.0,1.0,1.0,1.0,1.0,1.0,1.0,1.0,1.0,1.0,1.0
1.0,1.0,1.0,1.0,1.0,1.0,1.0,1.0,1.0,1.0,1.0,1.0,1.0,1.0,1.0,1.0,1.0,1.0,1.0,1.0,1.0,1.0,1.0,1.0,1.0,1.0,1.0,1.0,1.0,1.0,1.0,1.0
1.0,1.0,1.0,1.0,1.0,1.0,1.0,1.0,1.0,1.0,1.0,1.0,1.0,1.0,1.0,1.0,1.0,1.0,1.0,1.0,1.0,1.0,1.0,1.0,1.0,1.0,1.0,1.0,1.0,1.0,1.0,1.0
1.0,1.0,1.0,1.0,1.0,1.0,1.0,1.0,1.0,1.0,1.0,1.0,1.0,1.0,1.0,1.0,1.0,1.0,1.0,1.0,1.0,1.0,1.0,1.0,1.0,1.0,1.0,1.0,1.0,1.0,1.0,1.0
1.0,1.0,1.0,1.0,1.0,1.0,1.0,1.0,1.0,1.0,1.0,1.0,1.0,1.0,1.0,1.0,1.0,1.0,1.0,1.0,1.0,1.0,1.0,1.0,1.0,1.0,1.0,1.0,1.0,1.0,1.0,1.0
1.0,1.0,1.0,1.0,1.0,1.0,1.0,1.0,1.0,1.0,1.0,1.0,1.0,1.0,1.0,1.0,1.0,1.0,1.0,1.0,1.0,1.0,1.0,1.0,1.0,1.0,1.0,1.0,1.0,1.0,1.0,1.0
1.0,1.0,1.0,1.0,1.0,1.0,1.0,1.0,1.0,1.0,1.0,1.0,1.0,1.0,1.0,1.0,1.0,1.0,1.0,1.0,1.0,1.0,1.0,1.0,1.0,1.0,1.0,1.0,1.0,1.0,1.0,1.0
27.071068,26.071068,25.071068,24.071068,23.071068,22.071068,21.071068,20.071068,19.071068,18.071068,17.071068,16.071068,15.071068,14.071068,13.071068,12.071068,11.071068,10.071068,9.071068,8.071068,7.071068,6.656854,6.2426405,5.8284273,5.4142137,5.0,5.4142137,5.8284273,6.2426405,6.656854,7.071068,8.071068
26.656855,25.656855,24.656855,23.656855,22.656855,21.656855,20.656855,19.656855,18.656855,17.656855,16.656855,15.656855,14.656855,13.656855,12.656855,11.656855,10.656855,9.656855,8.656855,7.656854,6.656854,5.656854,5.2426405,4.8284273,4.4142137,4.0,4.4142137,4.8284273,5.2426405,5.656854,6.656854,7.656854
26.242641,25.242641,24.242641,23.242641,22.242641,21.242641,20.242641,19.242641,18.242641,17.242641,16.242641,15.2426405,14.2426405,13.2426405,12.2426405,11.2426405,10.2426405,9.2426405,8.2426405,7.2426405,6.2426405,5.2426405,4.2426405,3.828427,3.4142137,3.0,3.4142137,3.828427,4.2426405,5.2426405,6.2426405,7.2426405
25.828426,24.828426,23.828426,22.828426,21.828426,20.828426,19.828426,18.828426,17.828426,16.828426,15.828427,14.828427,13.828427,12.828427,11.828427,10.828427,9.828427,8.828427,7.8284273,6.8284273,5.8284273,4.8284273,3.828427,2.828427,2.4142137,2.0,2.4142137,2.828427,3.828427,4.8284273,5.8284273,6.8284273
25.414213,24.414213,23.414213,22.414213,21.414213,20.414213,19.414213,18.414213,17.414213,16.414213,15.414213,14.414213,13.414213,12.414213,11.414213,10.414213,9.414213,8.414213,7.4142137,6.4142137,5.4142137,4.4142137,3.4142137,2.4142137,1.0,1.0,1.0,2.4142137,3.4142137,4.4142137,5.4142137,6.4142137
25.0,24.0,23.0,22.0,21.0,20.0,19.0,18.0,17.0,16.0,15.0,14.0,13.0,12.0,11.0,10.0,9.0,8.0,7.0,6.0,5.0,4.0,3.0,2.0,1.0,0.0,1.0,2.0,3.0,4.0,5.0,6.0
25.414213,24.414213,23.414213,22.414213,21.414213,20.414213,19.414213,18.414213,17.414213,16.414213,15.414213,14.414213,13.414213,12.414213,11.414213,10.414213,9.414213,8.414213,7.4142137,6.4142137,5.4142137,4.4142137,3.4142137,2.4142137,1.0,1.0,1.0,2.4142137,3.4142137,4.4142137,5.4142137,6.4142137
25.828426,24.828426,23.828426,22.828426,21.828426,20.828426,19.828426,18.828426,17.828426,16.828426,15.828427,14.828427,13.828427,12.828427,11.828427,10.828427,9.828427,8.828427,7.8284273,6.8284273,5.8284273,4.8284273,3.828427,2.828427,2.4142137,2.0,2.4142137,2.828427,3.828427,4.8284273,5.8284273,6.8284273
26.242641,25.242641,24.242641,23.242641,22.242641,21.242641,20.242641,19.242641,18.242641,17.242641,16.242641,15.2426405,14.2426405,13.2426405,12.2426405,11.2426405,10.2426405,9.2426405,8.2426405,7.2426405,6.2426405,5.2426405,4.2426405,3.828427,3.4142137,3.0,3.4142137,3.828427,4.2426405,5.2426405,6.2426405,7.2426405
26.656855,25.656855,24.656855,23.656855,22.656855,21.656855,20.656855,19.656855,18.656855,17.656855,16.656855,15.656855,14.656855,13.656855,12.656855,11.656855,10.656855,9.656855,8.656855,7.656854,6.656854,5.656854,5.2426405,4.8284273,4.4142137,4.0,4.4142137,4.8284273,5.2426405,5.656854,6.656854,7.656854
27.071068,26.071068,25.071068,24.071068,23.071068,22.071068,21.071068,20.071068,19.071068,18.071068,17.071068,16.071068,15.071068,14.071068,13.071068,12.071068,11.071068,10.071068,9.071068,8.071068,7.071068,6.656854,6.2426405,5.8284273,5.4142137,5.0,5.4142137,5.8284273,6.2426405,6.656854,7.071068,8.071068
1.0,1.0,1.0,1.0,1.0,1.0,1.0,1.0,1.0,1.0,1.0,1.0,1.0,1.0,1.0,1.0,1.0,1.0,1.0,1.0,1.0,1.0,1.0,1.0,1.0,1.0,1.0,1.0,1.0,1.0,1.0,1.0
1.0,1.0,1.0,1.0,1.0,1.0,1.0,1.0,1.0,1.0,1.0,1.0,1.0,1.0,1.0,1.0,1.0,1.0,1.0,1.0,1.0,1.0,1.0,1.0,1.0,1.0,1.0,1.0,1.0,1.0,1.0,1.0
1.0,1.0,1.0,1.0,1.0,1.0,1.0,1.0,1.0,1.0,1.0,1.0,1.0,1.0,1.0,1.0,1.0,1.0,1.0,1.0,1.0,1.0,1.0,1.0,1.0,1.0,1.0,1.0,1.0,1.0,1.0,1.0
1.0,1.0,1.0,1.0,1.0,1.0,1.0,1.0,1.0,1.0,1.0,1.0,1.0,1.0,1.0,1.0,1.0,1.0,1.0,1.0,1.0,1.0,1.0,1.0,1.0,1.0,1.0,1.0,1.0,1.0,1.0,1.0
1.0,1.0,1.0,1.0,1.0,1.0,1.0,1.0,1.0,1.0,1.0,1.0,1.0,1.0,1.0,1.0,1.0,1.0,1.0,1.0,1.0,1.0,1.0,1.0,1.0,1.0,1.0,1.0,1.0,1.0,1.0,1.0
1.0,1.0,1.0,1.0,1.0,1.0,1.0,1.0,1.0,1.0,1.0,1.0,1.0,1.0,1.0,1.0,1.0,1.0,1.0,1.0,1.0,1.0,1.0,1.0,1.0,1.0,1.0,1.0,1.0,1.0,1.0,1.0
1.0,1.0,1.0,1.0,1.0,1.0,1.0,1.0,1.0,1.0,1.0,1.0,1.0,1.0,1.0,1.0,1.0,1.0,1.0,1.0,1.0,1.0,1.0,1.0,1.0,1.0,1.0,1.0,1.0,1.0,1.0,1.0
1.0,1.0,1.0,1.0,1.0,1.0,1.0,1.0,1.0,1.0,1.0,1.0,1.0,1.0,1.0,1.0,1.0,1.0,1.0,1.0,1.0,1.0,1.0,1.0,1.0,1.0,1.0,1.0,1.0,1.0,1.0,1.0
1.0,1.0,1.0,1.0,1.0,1.0,1.0,1.0,1.0,1.0,1.0,1.0,1.0,1.0,1.0,1.0,1.0,1.0,1.0,1.0,1.0,1.0,1.0,1.0,1.0,1.0,1.0,1.0,1.0,1.0,1.0,1.0
1.0,1.0,1.0,1.0,1.0,1.0,1.0,1.0,1.0,1.0,1.0,1.0,1.0,1.0,1.0,1.0,1.0,1.0,1.0,1.0,1.0,1.0,1.0,1.0,1.0,1.0,1.0,1.0,1.0,1.0,1.0,1.0
1.0,1.0,1.0,1.0,1.0,1.0,1.0,1.0,1.0,1.0,1.0,1.0,1.0,1.0,1.0,1.0,1.0,1.0,1.0,1.0,1.0,1.0,1.0,1.0,1.0,1.0,1.0,1.0,1.0,1.0,1.0,1.0
